#openofc-playable-p3-native-synthetic-replay-v1
#p2_manifest_sha256=f10c079a61ba08832cfc334afb9c055e023dfc9c23a24140d02b2f7bd8413898
#native_manifest_sha256=ff880a76bce9885f19b7297952a9d182d0ba2c54e10681baa74937f66b4691bc
#synthetic_canonical_state_replay_not_pixel_or_live_evidence
R0|0|0|0|1|0|0|0|0|0|5|-|-|-|-|-|-|48,7,15,0,42|-|-|-|-|-
O1|1|0|0|0|0|1|0|0|0|0|-|-|-|53,16|37,40|43|48,7,15,0,42|-|807318581ab8041a99635b5bd18727b11e40ca48e7907efc81521112f3aaeff0|{"d":null,"p":[["2c",1],["4d",0],["5h",1],["9c",2],["Jh",2]]}|0.06645297284020371|0@1,7@2,15@0,42@1,48@2/-
O0|2|0|0|1|1|0|0|0|0|3|15|0,42|48,7|53,16|37,40|43|18,27,52|-|-|-|-|-
O1|3|0|0|0|1|1|0|0|1|0|15|0,42|48,7|53,16|37,40,11,41|43|18,27,52|-|a37824bfff074100ba2a1e113cf27d4bbef22bc949b363519fd333a0a4ebad2f|{"d":"7d","p":[["3c",0],["JK1",2]]}|0.2047269796683329|27@0,52@2/18
O0|4|0|0|1|2|0|0|0|1|3|15,27|0,42|48,7,52|53,16|37,40,11,41|43|10,47,22|18|-|-|-|-
O1|5|0|0|0|2|1|0|0|2|0|15,27|0,42|48,7,52|53,16|37,40,11,41,34|43,2|10,47,22|18|3d9bc3661ac03dc4032df8c4e61a3d2311c00391c78e069198d0664b68f742e7|{"d":"Th","p":[["Jc",2],["Qd",0]]}|0.146602602650839|10@0,22@2/47
O0|6|0|0|1|3|0|0|0|2|3|15,27,10|0,42|48,7,52,22|53,16|37,40,11,41,34|43,2|33,49,44|18,47|-|-|-|-
O1|7|0|0|0|3|1|0|0|3|0|15,27,10|0,42|48,7,52,22|53,16|37,40,11,41,34|43,2,21,28|33,49,44|18,47|8bb02630a0ac2a5df133aeaa49820798907a5be0ef29d96e560546100207d8ff|{"d":"7c","p":[["9d",2],["Qc",1]]}|0.40453167590223127|33@2,49@1/44
O0|8|0|0|1|4|0|0|0|3|3|15,27,10|0,42,49|48,7,52,22,33|53,16|37,40,11,41,34|43,2,21,28|26,50,8|18,47,44|-|-|-|-
O1|9|0|0|0|4|1|0|0|4|0|15,27,10|0,42,49|48,7,52,22,33|53,16,1|37,40,11,41,34|43,2,21,28,30|26,50,8|18,47,44|597f77316fdab2655ebfe98137feccf4b48869323ea7041a495ffc9e887f9dce|{"d":"2c","p":[["Kd",1],["Th",1]]}|0.41746640784355865|8@1,50@1/26
R1|10|0|1|0|0|1|0|0|0|5|-|-|-|-|-|-|15,24,2,5,10|-|9acb2487196f387d1bf01302d473aab94d58d77e39abc44b8844070f429594ae|{"d":null,"p":[["4c",2],["4d",2],["7c",0],["Kd",1],["Qc",2]]}|0.053968672906445504|2@2,5@0,10@2,15@2,24@1/-
O0|11|0|1|1|0|0|0|0|0|5|5|24|15,2,10|-|-|-|-|-|-|-|-|-
O1|12|0|1|0|1|1|0|0|0|3|5|24|15,2,10|27,37|26|43,29|46,22,8|-|dfeba2b7ea18c6df32546830044131b1640965ae1200ac136e0149f6010d54fa|{"d":"Jd","p":[["9c",0],["Th",2]]}|0.22484723310639085|8@2,46@0/22
O0|13|0|1|1|1|0|0|0|0|3|5,46|24|15,2,10,8|27,37|26|43,29|-|22|-|-|-|-
O1|14|0|1|0|2|1|0|0|1|3|5,46|24|15,2,10,8|27,37,49|26|43,29,0|18,47,34|22|ba884b4f3d6b59123ba3da7ec70454dd241952c5c833bba93842a82b21d6f51b|{"d":"7c","p":[["Td",0],["Th",2]]}|0.2087326077483403|34@0,47@2/18
O0|15|0|1|1|2|0|0|0|1|3|5,46,34|24|15,2,10,8,47|27,37,49|26|43,29,0|-|22,18|-|-|-|-
O1|16|0|1|0|3|1|0|0|2|3|5,46,34|24|15,2,10,8,47|27,37,49|26,32|43,29,0,21|38,36,52|22,18|5ed109cd7fe290321a78a28450c472c7ddae4e2e5a0f4c22c4bd938fe7427e5b|{"d":"Ac","p":[["JK1",1],["Qc",1]]}|0.7251721489567805|36@1,52@1/38
O0|17|0|1|1|3|0|0|0|2|3|5,46,34|24,36,52|15,2,10,8,47|27,37,49|26,32|43,29,0,21|-|22,18,38|-|-|-|-
O1|18|0|1|0|4|1|0|0|3|3|5,46,34|24,36,52|15,2,10,8,47|27,37,49|26,32,45|43,29,0,21,48|39,50,14|22,18,38|dd5d76274bbe9c3605223157363d8931ae8dd62bf801aa9236dae86ddb55f22b|{"d":"2c","p":[["3d",1],["Kc",1]]}|1.0|14@1,50@1/39
O0|19|0|1|1|4|0|0|0|3|3|5,46,34|24,36,52,50,14|15,2,10,8,47|27,37,49|26,32,45|43,29,0,21,48|-|22,18,38,39|-|-|-|-
